# hkl     multiplicity     d_hkl     |F|^2
 1  1  0        12       2.027     344.177
 2  0  0         6       1.433     331.620
 2  1  1        24       1.170     319.521
 2  2  0        12       1.013     307.863
 3  1  0        24       0.906     296.631
 2  2  2         8       0.827     285.809
 3  2  1        48       0.766     275.381
 4  0  0         6       0.717     265.334
 4  1  1        24       0.676     255.653
 3  3  0        12       0.676     255.653
 4  2  0        24       0.641     246.326
 3  3  2        24       0.611     237.339
 4  2  2        24       0.585     228.680
 4  3  1        48       0.562     220.336
 5  1  0        24       0.562     220.336
 5  2  1        48       0.523     204.552
 4  4  0        12       0.507     197.089
 4  3  3        24       0.492     189.898
 5  3  0        24       0.492     189.898
 6  0  0         6       0.478     182.970
 4  4  2        24       0.478     182.970
 5  3  2        48       0.465     176.294
 6  1  1        24       0.465     176.294
 6  2  0        24       0.453     169.862
 5  4  1        48       0.442     163.665
 6  2  2        24       0.432     157.693
 6  3  1        48       0.423     151.940
 4  4  4         8       0.414     146.397
 5  4  3        48       0.405     141.055
 7  1  0        24       0.405     141.055
 5  5  0        12       0.405     141.055
 6  4  0        24       0.397     135.909
 6  3  3        24       0.390     130.950
 5  5  2        24       0.390     130.950
 7  2  1        48       0.390     130.950
 6  4  2        48       0.383     126.173
 7  3  0        24       0.376     121.569
 7  3  2        48       0.364     112.860
 6  5  1        48       0.364     112.860
 8  0  0         6       0.358     108.743
 5  5  4        24       0.353     104.775
 7  4  1        48       0.353     104.775
 8  1  1        24       0.353     104.775
 6  4  4        24       0.348     100.953
 8  2  0        24       0.348     100.953
 6  5  3        48       0.343      97.269
 6  6  0        12       0.338      93.720
 8  2  2        24       0.338      93.720
 7  5  0        24       0.333      90.301
 8  3  1        48       0.333      90.301
 7  4  3        48       0.333      90.301
 6  6  2        24       0.329      87.007
 7  5  2        48       0.325      83.832
 8  4  0        24       0.320      80.774
 8  3  3        24       0.316      77.827
 8  4  2        48       0.313      74.987
 6  5  5        24       0.309      72.251
 7  6  1        48       0.309      72.251
 6  6  4        24       0.306      69.615
 7  5  4        48       0.302      67.075
 8  5  1        48       0.302      67.075
 7  6  3        48       0.296      62.270
 8  4  4        24       0.293      59.998
 8  5  3        48       0.290      57.809
 7  7  0        12       0.290      57.809
 8  6  0        24       0.287      55.700
 7  7  2        24       0.284      53.668
 8  6  2        48       0.281      51.710
 6  6  6         8       0.276      48.005
 7  6  5        48       0.273      46.254
 7  7  4        24       0.268      42.940
 8  5  5        24       0.268      42.940
 8  7  1        48       0.268      42.940
 8  6  4        48       0.266      41.374
 8  7  3        48       0.259      37.008
 8  8  0        12       0.253      33.104
 8  8  2        24       0.249      30.732
 7  7  6        24       0.248      29.611
 8  6  6        24       0.246      28.531
 8  7  5        48       0.244      27.490
 8  8  4        24       0.239      24.589
 8  7  7        24       0.225      17.598
 8  8  6        24       0.224      16.956
 8  8  8         8       0.207      10.077
