11.2135
11.2495
11.281
11.309
11.3325
11.3515
11.367
11.378
11.3855
11.3885
11.3875
11.383
11.377
11.3725
11.373
11.384
11.41
11.4525
11.52
11.593
11.691
11.788
11.87
11.949
12.04
12.0055
12.135
12.1255
12.1935
12.2915
12.2
12.181
12.239
12.4465
12.3395
12.1475
12.2345
12.1215
12.3355
12.6915
12.445
12.805
13.181
12.328
12.2075
12.5485
12.3465
12.6895
13.044
12.723
13.0725
12.2115
12.5335
12.8655
12.955
13.2955
13.645
14.003
11.7975
12.0825
12.375
12.6735
12.979
12.7235
13.0235
13.3295
13.6415
13.959
12.0295
12.292
12.5595
12.8315
13.108
13.389
13.6745
13.9645
12.626
12.882
13.1415
13.4045
13.6715
13.942
14.2165
14.4945
14.776
15.0615
15.35
15.6425
10.6915
10.871
11.0525
11.2365
11.422
11.6105
11.8005
11.9925
12.187
12.3835
12.5815
12.782
12.9845
13.189
13.3955
13.6035
13.814
14.0265
14.241
14.457
12.164
12.3375
12.5125
12.6885
12.8665
13.046
13.227
13.4095
13.5935
13.7785
13.9655
14.1535
14.3435
14.5345
14.727
14.921
15.1165
15.3135
15.5115
15.7115
15.9125
16.115
16.319
16.5245
16.731
16.9395
17.149
17.36
17.5725
17.786
18.0015
18.218
18.436
18.655
18.876
19.098
19.3215
19.5465
19.7725
20
20.229
20.4595
20.6915
20.9245
6.5555
6.5985
6.6415
6.685
6.728
6.7715
6.815
6.859
6.9025
6.9465
6.9905
7.0345
7.0785
7.1225
7.167
7.2115
7.256
7.3005
7.345
7.39
7.4345
7.4795
7.5245
7.5695
7.6145
7.66
7.705
7.7505
7.796
7.8415
7.887
7.933
7.9785
8.0245
8.0705
8.1165
8.1625
8.2085
8.2545
8.301
8.3475
8.3935
8.44
8.487
8.5335
8.58
8.627
8.6735
8.7205
8.7675
8.8145
8.8615
8.909
8.956
9.0035
9.051
9.0985
9.146
9.1935
9.241
9.289
9.3365
9.3845
9.4325
9.48
9.5285
9.5765
9.6245
9.6725
9.721
9.7695
9.818
9.866
9.915
9.9635
10.012
10.0605
10.1095
10.1585
10.207
10.256
10.305
10.3545
10.4035
10.4525
10.502
10.551
10.6005
10.65
10.6995
10.749
10.7985
10.8485
10.898
10.948
10.998
11.0475
11.0975
11.1475
11.198
11.248
11.298
11.3485
11.3985
11.449
11.4995
11.55
11.6005
11.651
11.702
11.7525
11.8035
11.854
11.905
11.956
12.007
12.058
12.109
12.1605
12.2115
12.263
12.314
12.3655
12.417
12.4685
12.52
12.572
12.6235
12.675
12.727
12.779
12.8305
12.8825
12.9345
12.9865
13.039
13.091
13.143
13.1955
13.248
13.3
13.3525
13.405
13.4575
13.5105
13.563
13.6155
13.6685