# hkl     multiplicity     d_hkl     |F|^2
 1  1  1         8       2.071    1378.881
 2  0  0         6       1.794    1362.619
 2  2  0        12       1.268    1299.467
 3  1  1        24       1.082    1254.032
 2  2  2         8       1.035    1239.242
 4  0  0         6       0.897    1181.808
 3  3  1        24       0.823    1140.487
 4  2  0        24       0.802    1127.036
 4  2  2        24       0.732    1074.803
 3  3  3         8       0.690    1037.222
 5  1  1        24       0.690    1037.222
 4  4  0        12       0.634     977.486
 5  3  1        48       0.606     943.308
 4  4  2        24       0.598     932.183
 6  0  0         6       0.598     932.183
 6  2  0        24       0.567     888.980
 5  3  3        24       0.547     857.897
 6  2  2        24       0.541     847.780
 4  4  4         8       0.518     808.489
 5  5  1        24       0.502     780.220
 7  1  1        24       0.502     780.220
 6  4  0        24       0.497     771.019
 6  4  2        48       0.479     735.285
 7  3  1        48       0.467     709.576
 5  5  3        24       0.467     709.576
 8  0  0         6       0.448     668.709
 7  3  3        24       0.438     645.328
 6  4  4        24       0.435     637.717
 8  2  0        24       0.435     637.717
 8  2  2        24       0.423     608.162
 6  6  0        12       0.423     608.162
 5  5  5         8       0.414     586.898
 7  5  1        48       0.414     586.898
 6  6  2        24       0.411     579.976
 8  4  0        24       0.401     553.096
 7  5  3        48       0.394     533.758
 8  4  2        48       0.391     527.463
 6  6  4        24       0.382     503.017
 8  4  4        24       0.366     457.472
 7  5  5        24       0.361     441.476
 7  7  1        24       0.361     441.476
 8  6  0        24       0.359     436.270
 8  6  2        48       0.352     416.050
 7  7  3        24       0.347     401.503
 6  6  6         8       0.345     396.768
 8  6  4        48       0.333     360.843
 7  7  5        24       0.323     332.088
 8  8  0        12       0.317     312.962
 8  8  2        24       0.312     298.457
 8  6  6        24       0.308     284.625
 8  8  4        24       0.299     258.854
 7  7  7         8       0.296     249.803
 8  8  6        24       0.280     204.178
 8  8  8         8       0.259     146.469
