11.2135
11.2475
11.27375
11.2925
11.30325
11.30625
11.3015
11.289
11.269
11.241
11.2055
11.163
11.11525
11.06525
11.01675
10.975
10.94475
10.9315
10.93925
10.972
11.03
11.12025
11.229
11.35675
11.479
11.5895
11.81075
11.87875
11.98525
12.21075
12.188
12.31225
12.20375
12.1215
12.4195
12.77775
12.1405
12.4855
12.07075
12.31475
12.669
12.68425
12.67175
12.60825
12.9705
12.69475
11.93675
12.26125
12.26725
12.60075
12.94525
13.30025
12.47225
12.8015
13.14
12.38725
12.70325
13.02725
13.359
13.69875
14.04625
12.84625
11.4895
11.753
12.02175
12.29625
12.576
12.86125
12.5855
12.8645
13.1485
13.43725
13.731
14.0295
14.33275
14.64075
14.9535
15.27075
14.38975
14.68525
14.98475
15.2885
11.381
11.58925
11.8005
12.0145
12.23125
12.4505
12.67275
12.8975
13.125
13.35525
13.588
13.82325
14.06125
14.302
11.035
11.207
11.381
11.55675
11.7345
11.91375
12.09475
12.2775
12.462
12.64825
12.83625
13.026
13.21725
13.41025
13.605
13.8015
13.9995
14.19925
14.40075
14.60375
14.8085
15.015
15.223
15.4325
15.64375
15.85675
16.07125
16.28725
16.505
16.7245
16.9455
17.168
17.39225
17.618
17.84525
18.07425
18.30475
18.537
18.77075
13.859
14.01925
14.18075
14.343
14.5065
14.67075
14.836
15.0025
15.16975
15.33825
15.5075
15.678
15.84925
16.0215
16.195
16.36925
16.5445
16.72075
16.898
17.07625
17.2555
6.72825
6.77175
6.81525
6.85875
6.9025
6.9465
6.9905
7.0345
7.0785
7.12275
7.167
7.2115
7.256
7.3005
7.345
7.38975
7.4345
7.4795
7.5245
7.5695
7.61475
7.66
7.70525
7.7505
7.796
7.8415
7.88725
7.93275
7.9785
8.0245
8.07025
8.11625
8.16225
8.2085
8.25475
8.301
8.34725
8.39375
8.44025
8.48675
8.5335
8.58
8.62675
8.67375
8.7205
8.7675
8.81475
8.86175
8.909
8.95625
9.0035
9.05075
9.09825
9.14575
9.1935
9.241
9.28875
9.3365
9.38425
9.43225
9.48025
9.52825
9.57625
9.6245
9.67275
9.721
9.76925
9.81775
9.86625
9.91475
9.96325
10.012
10.06075
10.1095
10.15825
10.20725
10.25625
10.30525
10.35425
10.4035
10.45275
10.502
10.55125
10.6005
10.65
10.6995
10.74925
10.79875
10.8485
10.89825
10.948
10.99775
11.04775
11.09775
11.14775
11.19775
11.248
11.29825
11.3485
11.39875
11.449
11.4995
11.55
11.6005
11.65125
11.70175
11.7525
11.80325
11.85425
11.905
11.956
12.007
12.058
12.10925
12.16025
12.2115
12.263
12.31425
12.3655
12.417
12.4685
12.52025
12.57175
12.6235
12.67525
12.727
12.77875
12.83075
12.88275
12.93475
12.98675
13.03875
13.091
13.14325
13.1955
13.24775
13.30025
13.35275
13.40525
13.45775
13.51025
13.563
13.61575
13.6685