0.0000
0.027
0.053
0.08
0.107
0.133
0.16
0.187
0.213
0.24
0.267
0.293
0.32
0.347
0.373
0.4
0.427
0.453
0.48
0.507
0.533
0.56
0.587
0.613
0.64
0.667
0.693
0.72
0.747
0.773
0.8
0.827
0.853
0.88
0.907
0.933
0.96
0.987
1.0130
1.0400
1.0670
1.0930
1.1200
1.1470
1.1730
1.2000
1.2270
1.2530
1.2800
1.3070
1.3330
1.3600
1.3870
1.4130
1.4400
1.4670
1.4930
1.5200
1.5470
1.5730
1.6000
1.6270
1.6530
1.6800
1.7070
1.7330
1.7600
1.7870
1.8130
1.8400
1.8670
1.8930
1.9200
1.9470
1.9730
2.0000
2.0270
2.0530
2.0800
2.1070
2.1330
2.1600
2.1870
2.2130
2.2400
2.2670
2.2930
2.3200
2.3470
2.3730
2.4000
2.4270
2.4530
2.4800
2.5070
2.5330
2.5600
2.5870
2.6130
2.6400
2.6670
2.6930
2.7200
2.7470
2.7730
2.8000
2.8270
2.8530
2.8800
2.9070
2.9330
2.9600
2.9870
3.0130
3.0400
3.0670
3.0930
3.1200
3.1470
3.1730
3.2000
3.2270
3.2530
3.2800
3.3070
3.3330
3.3600
3.3870
3.4130
3.4400
3.4670
3.4930
3.5200
3.5470
3.5730
3.6000
3.6270
3.6530
3.6800
3.7070
3.7330
3.7600
3.7870
3.8130
3.8400
3.8670
3.8930
3.9200
3.9470
3.9730
4.0000
4.0270
4.0530
4.0800
4.1070
4.1330
4.1600
4.1870
4.2130
4.2400
4.2670
4.2930
4.3200
4.3470
4.3730
4.4000
4.4270
4.4530
4.4800
4.5070
4.5330
4.5600
4.5870
4.6130
4.6400
4.6670
4.6930
4.7200
4.7470
4.7730
4.8000
4.8270
4.8530
4.8800
4.9070
4.9330
4.9600
4.9870
5.0130
5.0400
5.0670
5.0930
5.1200
5.1470
5.1730
5.2000
5.2270
5.2530
5.2800
5.3070
5.3330
5.3600
5.3870
5.4130
5.4400
5.4670
5.4930
5.5200
5.5470
5.5730
5.6000
5.6270
5.6530
5.6800
5.7070
5.7330
5.7600
5.7870
5.8130
5.8400
5.8670
5.8930
5.9200
5.9470
5.9730
6.0000
6.0270
6.0530
6.0800
6.1070
6.1330
6.1600
6.1870
6.2130
6.2400
6.2670
6.2930
6.3200
6.3470
6.3730
6.4000
6.4270
6.4530
6.4800
6.5070
6.5330
6.5600
6.5870
6.6130
6.6400
6.6670
6.6930
6.7200
6.7470
6.7730
6.8000
6.8270
6.8530
6.8800
6.9070
6.9330
6.9600
6.9870
7.0130
7.0400
7.0670
7.0930
7.1200
7.1470
7.1730
7.2000
7.2270
7.2530
7.2800
7.3070
7.3330
7.3600
7.3870
7.4130
7.4400
7.4670
7.4930
7.5200
7.5470
7.5730
7.6000
7.6270
7.6530
7.6800
7.7070
7.7330
7.7600
7.7870
7.8130
7.8400
7.8670
7.8930
7.9200
7.9470
7.9730
